-20	1.68727e-44	2.51455e-32
-19.799	1.24366e-43	1.04707e-31
-19.598	8.90575e-43	4.29767e-31
-19.397	6.2507e-42	1.73873e-30
-19.196	4.30019e-41	6.93387e-30
-18.995	2.89965e-40	2.72559e-29
-18.794	1.91647e-39	1.05606e-28
-18.593	1.24153e-38	4.03326e-28
-18.392	7.88332e-38	1.51833e-27
-18.191	4.90635e-37	5.63406e-27
-17.9899	2.99299e-36	2.06071e-26
-17.7889	1.78956e-35	7.42943e-26
-17.5879	1.04878e-34	2.64019e-25
-17.3869	6.02444e-34	9.24823e-25
-17.1859	3.3919e-33	3.19318e-24
-16.9849	1.87181e-32	1.08675e-23
-16.7839	1.01245e-31	3.6457e-23
-16.5829	5.36759e-31	1.20551e-22
-16.3819	2.78918e-30	3.92922e-22
-16.1809	1.42057e-29	1.26236e-21
-15.9799	7.09155e-29	3.99762e-21
-15.7789	3.46983e-28	1.24785e-20
-15.5779	1.66405e-27	3.83942e-20
-15.3769	7.82188e-27	1.16442e-19
-15.1759	3.60367e-26	3.48096e-19
-14.9749	1.62729e-25	1.02572e-18
-14.7739	7.20233e-25	2.97921e-18
-14.5729	3.1244e-24	8.52934e-18
-14.3719	1.32845e-23	2.40698e-17
-14.1709	5.53619e-23	6.69532e-17
-13.9698	2.26131e-22	1.83575e-16
-13.7688	9.053e-22	4.96131e-16
-13.5678	3.55229e-21	1.32167e-15
-13.3668	1.36618e-20	3.47048e-15
-13.1658	5.14978e-20	8.98256e-15
-12.9648	1.90262e-19	2.29167e-14
-12.7638	6.88961e-19	5.76299e-14
-12.5628	2.44522e-18	1.42852e-13
-12.3618	8.50595e-18	3.49031e-13
-12.1608	2.90005e-17	8.40594e-13
-11.9598	9.69099e-17	1.99549e-12
-11.7588	3.17401e-16	4.66935e-12
-11.5578	1.01889e-15	1.07697e-11
-11.3568	3.20569e-15	2.44847e-11
-11.1558	9.8854e-15	5.48692e-11
-10.9548	2.98774e-14	1.212e-10
-10.7538	8.85047e-14	2.63889e-10
-10.5528	2.5696e-13	5.66345e-10
-10.3518	7.31206e-13	1.19807e-09
-10.1508	2.03933e-12	2.4982e-09
-9.94975	5.57455e-12	5.13469e-09
-9.74874	1.4935e-11	1.04026e-08
-9.54774	3.9217e-11	2.07737e-08
-9.34673	1.00929e-10	4.0891e-08
-9.14573	2.54582e-10	7.93385e-08
-8.94472	6.29378e-10	1.51734e-07
-8.74372	1.52499e-09	2.86037e-07
-8.54271	3.62154e-09	5.31502e-07
-8.34171	8.42925e-09	9.73485e-07
-8.1407	1.92289e-08	1.7575e-06
-7.9397	4.29923e-08	3.12756e-06
-7.73869	9.42097e-08	5.48602e-06
-7.53769	2.02334e-07	9.4853e-06
-7.33668	4.25904e-07	1.61654e-05
-7.13568	8.78661e-07	2.7156e-05
-6.93467	1.77664e-06	4.49662e-05
-6.73367	3.52082e-06	7.33921e-05
-6.53266	6.83842e-06	0.000118074
-6.33166	1.30177e-05	0.000187241
-6.13065	2.42873e-05	0.000292679
-5.92965	4.4411e-05	0.000450945
-5.72864	7.95916e-05	0.000684854
-5.52764	0.000139801	0.00102521
-5.32663	0.000240667	0.00151277
-5.12563	0.00040606	0.00220026
-4.92462	0.000671471	0.0031544
-4.72362	0.00108825	0.00445762
-4.52261	0.0017286	0.00620913
-4.32161	0.00269107	0.00852513
-4.1206	0.00410599	0.0115375
-3.9196	0.0061401	0.015391
-3.71859	0.00899903	0.0202379
-3.51759	0.0129265	0.0262304
-3.31658	0.0181981	0.0335109
-3.11558	0.0251094	0.0421997
-2.91457	0.0339553	0.0523812
-2.71357	0.0450031	0.064089
-2.51256	0.0584575	0.0772919
-2.31156	0.0744217	0.0918813
-2.11055	0.0928583	0.107662
-1.90955	0.113555	0.124348
-1.70854	0.136097	0.141566
-1.50754	0.159866	0.158862
-1.30653	0.184046	0.175721
-1.10553	0.207662	0.191589
-0.904523	0.229641	0.205902
-0.703518	0.248888	0.218118
-0.502513	0.264374	0.227753
-0.301508	0.27523	0.234412
-0.100503	0.280824	0.237814
0.100503	0.280824	0.237814
0.301508	0.27523	0.234412
0.502513	0.264374	0.227753
0.703518	0.248888	0.218118
0.904523	0.229641	0.205902
1.10553	0.207662	0.191589
1.30653	0.184046	0.175721
1.50754	0.159866	0.158862
1.70854	0.136097	0.141566
1.90955	0.113555	0.124348
2.11055	0.0928583	0.107662
2.31156	0.0744217	0.0918813
2.51256	0.0584575	0.0772919
2.71357	0.0450031	0.064089
2.91457	0.0339553	0.0523812
3.11558	0.0251094	0.0421997
3.31658	0.0181981	0.0335109
3.51759	0.0129265	0.0262304
3.71859	0.00899903	0.0202379
3.9196	0.0061401	0.015391
4.1206	0.00410599	0.0115375
4.32161	0.00269107	0.00852513
4.52261	0.0017286	0.00620913
4.72362	0.00108825	0.00445762
4.92462	0.000671471	0.0031544
5.12563	0.00040606	0.00220026
5.32663	0.000240667	0.00151277
5.52764	0.000139801	0.00102521
5.72864	7.95916e-05	0.000684854
5.92965	4.4411e-05	0.000450945
6.13065	2.42873e-05	0.000292679
6.33166	1.30177e-05	0.000187241
6.53266	6.83842e-06	0.000118074
6.73367	3.52082e-06	7.33921e-05
6.93467	1.77664e-06	4.49662e-05
7.13568	8.78661e-07	2.7156e-05
7.33668	4.25904e-07	1.61654e-05
7.53769	2.02334e-07	9.4853e-06
7.73869	9.42097e-08	5.48602e-06
7.9397	4.29923e-08	3.12756e-06
8.1407	1.92289e-08	1.7575e-06
8.34171	8.42925e-09	9.73485e-07
8.54271	3.62154e-09	5.31502e-07
8.74372	1.52499e-09	2.86037e-07
8.94472	6.29378e-10	1.51734e-07
9.14573	2.54582e-10	7.93385e-08
9.34673	1.00929e-10	4.0891e-08
9.54774	3.9217e-11	2.07737e-08
9.74874	1.4935e-11	1.04026e-08
9.94975	5.57455e-12	5.13469e-09
10.1508	2.03933e-12	2.4982e-09
10.3518	7.31206e-13	1.19807e-09
10.5528	2.5696e-13	5.66345e-10
10.7538	8.85047e-14	2.63889e-10
10.9548	2.98774e-14	1.212e-10
11.1558	9.8854e-15	5.48692e-11
11.3568	3.20569e-15	2.44847e-11
11.5578	1.01889e-15	1.07697e-11
11.7588	3.17401e-16	4.66935e-12
11.9598	9.69099e-17	1.99549e-12
12.1608	2.90005e-17	8.40594e-13
12.3618	8.50595e-18	3.49031e-13
12.5628	2.44522e-18	1.42852e-13
12.7638	6.88961e-19	5.76299e-14
12.9648	1.90262e-19	2.29167e-14
13.1658	5.14978e-20	8.98256e-15
13.3668	1.36618e-20	3.47048e-15
13.5678	3.55229e-21	1.32167e-15
13.7688	9.053e-22	4.96131e-16
13.9698	2.26131e-22	1.83575e-16
14.1709	5.53619e-23	6.69532e-17
14.3719	1.32845e-23	2.40698e-17
14.5729	3.1244e-24	8.52934e-18
14.7739	7.20233e-25	2.97921e-18
14.9749	1.62729e-25	1.02572e-18
15.1759	3.60367e-26	3.48096e-19
15.3769	7.82188e-27	1.16442e-19
15.5779	1.66405e-27	3.83942e-20
15.7789	3.46983e-28	1.24785e-20
15.9799	7.09155e-29	3.99762e-21
16.1809	1.42057e-29	1.26236e-21
16.3819	2.78918e-30	3.92922e-22
16.5829	5.36759e-31	1.20551e-22
16.7839	1.01245e-31	3.6457e-23
16.9849	1.87181e-32	1.08675e-23
17.1859	3.3919e-33	3.19318e-24
17.3869	6.02444e-34	9.24823e-25
17.5879	1.04878e-34	2.64019e-25
17.7889	1.78956e-35	7.42943e-26
17.9899	2.99299e-36	2.06071e-26
18.191	4.90635e-37	5.63406e-27
18.392	7.88332e-38	1.51833e-27
18.593	1.24153e-38	4.03326e-28
18.794	1.91647e-39	1.05606e-28
18.995	2.89965e-40	2.72559e-29
19.196	4.30019e-41	6.93387e-30
19.397	6.2507e-42	1.73873e-30
19.598	8.90575e-43	4.29767e-31
19.799	1.24366e-43	1.04707e-31
20	1.68727e-44	2.51455e-32
