-20	9.92266e-43	2.81143e-10
-19.799	6.74053e-42	4.18741e-10
-19.598	4.40229e-41	6.21177e-10
-19.397	2.82076e-40	9.17779e-10
-19.196	1.77393e-39	1.35056e-09
-18.995	1.09494e-38	1.97943e-09
-18.794	6.63311e-38	2.88948e-09
-18.593	3.94383e-37	4.20099e-09
-18.392	2.30137e-36	6.08326e-09
-18.191	1.318e-35	8.7735e-09
-17.9899	7.40804e-35	1.26026e-08
-17.7889	4.08641e-34	1.80303e-08
-17.5879	2.21222e-33	2.56919e-08
-17.3869	1.17532e-32	3.64622e-08
-17.1859	6.12806e-32	5.15396e-08
-16.9849	3.13561e-31	7.25591e-08
-16.7839	1.57451e-30	1.01741e-07
-16.5829	7.75879e-30	1.42086e-07
-16.3819	3.75196e-29	1.97632e-07
-16.1809	1.78047e-28	2.7379e-07
-15.9799	8.29122e-28	3.77772e-07
-15.7789	3.78882e-27	5.19153e-07
-15.5779	1.69898e-26	7.10579e-07
-15.3769	7.47588e-26	9.68683e-07
-15.1759	3.22793e-25	1.31523e-06
-14.9749	1.36763e-24	1.7786e-06
-14.7739	5.68578e-24	2.39554e-06
-14.5729	2.31944e-23	3.21353e-06
-14.3719	9.28421e-23	4.29352e-06
-14.1709	3.64644e-22	5.71344e-06
-13.9698	1.40524e-21	7.5724e-06
-13.7688	5.31355e-21	9.99589e-06
-13.5678	1.97136e-20	1.3142e-05
-13.3668	7.17617e-20	1.7209e-05
-13.1658	2.56305e-19	2.2444e-05
-12.9648	8.98162e-19	2.9154e-05
-12.7638	3.08803e-18	3.77179e-05
-12.5628	1.04168e-17	4.86015e-05
-12.3618	3.44751e-17	6.23741e-05
-12.1608	1.11942e-16	7.97281e-05
-11.9598	3.56608e-16	0.000101501
-11.7588	1.11454e-15	0.000128701
-11.5578	3.41746e-15	0.000162535
-11.3568	1.02803e-14	0.000204439
-11.1558	3.03393e-14	0.000256113
-10.9548	8.78401e-14	0.00031956
-10.7538	2.49497e-13	0.000397124
-10.5528	6.95214e-13	0.000491532
-10.3518	1.90041e-12	0.00060594
-10.1508	5.09625e-12	0.000743978
-9.94975	1.34067e-11	0.000909794
-9.74874	3.45986e-11	0.0011081
-9.54774	8.75902e-11	0.0013442
-9.34673	2.17525e-10	0.00162407
-9.14573	5.29929e-10	0.00195433
-8.94472	1.26641e-09	0.0023423
-8.74372	2.96879e-09	0.00279601
-8.54271	6.82693e-09	0.00332421
-8.34171	1.53997e-08	0.00393631
-8.1407	3.40747e-08	0.00464241
-7.9397	7.39581e-08	0.00545317
-7.73869	1.57459e-07	0.00637981
-7.53769	3.28835e-07	0.00743394
-7.33668	6.73611e-07	0.00862744
-7.13568	1.35351e-06	0.00997235
-6.93467	2.66765e-06	0.0114806
-6.73367	5.15717e-06	0.0131639
-6.53266	9.77923e-06	0.0150334
-6.33166	1.81889e-05	0.0170995
-6.13065	3.31829e-05	0.0193714
-5.92965	5.93778e-05	0.021857
-5.72864	0.000104216	0.0245625
-5.52764	0.000179409	0.027492
-5.32663	0.000302935	0.0306474
-5.12563	0.000501704	0.0340277
-4.92462	0.000814962	0.0376291
-4.72362	0.00129842	0.0414446
-4.52261	0.002029	0.0454636
-4.32161	0.00310981	0.049672
-4.1206	0.00467486	0.0540521
-3.9196	0.00689262	0.0585822
-3.71859	0.00996737	0.063237
-3.51759	0.0141369	0.0679875
-3.31658	0.0196655	0.0728013
-3.11558	0.0268307	0.0776429
-2.91457	0.035903	0.0824739
-2.71357	0.0471198	0.0872537
-2.51256	0.0606522	0.0919397
-2.31156	0.0765703	0.0964884
-2.11055	0.0948077	0.100855
-1.90955	0.115132	0.104997
-1.70854	0.137124	0.108869
-1.50754	0.160176	0.112431
-1.30653	0.183506	0.115643
-1.10553	0.206189	0.118469
-0.904523	0.22722	0.120877
-0.703518	0.245579	0.122838
-0.502513	0.260316	0.12433
-0.301508	0.270629	0.125335
-0.100503	0.275937	0.12584
0.100503	0.275937	0.12584
0.301508	0.270629	0.125335
0.502513	0.260316	0.12433
0.703518	0.245579	0.122838
0.904523	0.22722	0.120877
1.10553	0.206189	0.118469
1.30653	0.183506	0.115643
1.50754	0.160176	0.112431
1.70854	0.137124	0.108869
1.90955	0.115132	0.104997
2.11055	0.0948077	0.100855
2.31156	0.0765703	0.0964884
2.51256	0.0606522	0.0919397
2.71357	0.0471198	0.0872537
2.91457	0.035903	0.0824739
3.11558	0.0268307	0.0776429
3.31658	0.0196655	0.0728013
3.51759	0.0141369	0.0679875
3.71859	0.00996737	0.063237
3.9196	0.00689262	0.0585822
4.1206	0.00467486	0.0540521
4.32161	0.00310981	0.049672
4.52261	0.002029	0.0454636
4.72362	0.00129842	0.0414446
4.92462	0.000814962	0.0376291
5.12563	0.000501704	0.0340277
5.32663	0.000302935	0.0306474
5.52764	0.000179409	0.027492
5.72864	0.000104216	0.0245625
5.92965	5.93778e-05	0.021857
6.13065	3.31829e-05	0.0193714
6.33166	1.81889e-05	0.0170995
6.53266	9.77923e-06	0.0150334
6.73367	5.15717e-06	0.0131639
6.93467	2.66765e-06	0.0114806
7.13568	1.35351e-06	0.00997235
7.33668	6.73611e-07	0.00862744
7.53769	3.28835e-07	0.00743394
7.73869	1.57459e-07	0.00637981
7.9397	7.39581e-08	0.00545317
8.1407	3.40747e-08	0.00464241
8.34171	1.53997e-08	0.00393631
8.54271	6.82693e-09	0.00332421
8.74372	2.96879e-09	0.00279601
8.94472	1.26641e-09	0.0023423
9.14573	5.29929e-10	0.00195433
9.34673	2.17525e-10	0.00162407
9.54774	8.75902e-11	0.0013442
9.74874	3.45986e-11	0.0011081
9.94975	1.34067e-11	0.000909794
10.1508	5.09625e-12	0.000743978
10.3518	1.90041e-12	0.00060594
10.5528	6.95214e-13	0.000491532
10.7538	2.49497e-13	0.000397124
10.9548	8.78401e-14	0.00031956
11.1558	3.03393e-14	0.000256113
11.3568	1.02803e-14	0.000204439
11.5578	3.41746e-15	0.000162535
11.7588	1.11454e-15	0.000128701
11.9598	3.56608e-16	0.000101501
12.1608	1.11942e-16	7.97281e-05
12.3618	3.44751e-17	6.23741e-05
12.5628	1.04168e-17	4.86015e-05
12.7638	3.08803e-18	3.77179e-05
12.9648	8.98162e-19	2.9154e-05
13.1658	2.56305e-19	2.2444e-05
13.3668	7.17617e-20	1.7209e-05
13.5678	1.97136e-20	1.3142e-05
13.7688	5.31355e-21	9.99589e-06
13.9698	1.40524e-21	7.5724e-06
14.1709	3.64644e-22	5.71344e-06
14.3719	9.28421e-23	4.29352e-06
14.5729	2.31944e-23	3.21353e-06
14.7739	5.68578e-24	2.39554e-06
14.9749	1.36763e-24	1.7786e-06
15.1759	3.22793e-25	1.31523e-06
15.3769	7.47588e-26	9.68683e-07
15.5779	1.69898e-26	7.10579e-07
15.7789	3.78882e-27	5.19153e-07
15.9799	8.29122e-28	3.77772e-07
16.1809	1.78047e-28	2.7379e-07
16.3819	3.75196e-29	1.97632e-07
16.5829	7.75879e-30	1.42086e-07
16.7839	1.57451e-30	1.01741e-07
16.9849	3.13561e-31	7.25591e-08
17.1859	6.12806e-32	5.15396e-08
17.3869	1.17532e-32	3.64622e-08
17.5879	2.21222e-33	2.56919e-08
17.7889	4.08641e-34	1.80303e-08
17.9899	7.40804e-35	1.26026e-08
18.191	1.318e-35	8.7735e-09
18.392	2.30137e-36	6.08326e-09
18.593	3.94383e-37	4.20099e-09
18.794	6.63311e-38	2.88948e-09
18.995	1.09494e-38	1.97943e-09
19.196	1.77393e-39	1.35056e-09
19.397	2.82076e-40	9.17779e-10
19.598	4.40229e-41	6.21177e-10
19.799	6.74053e-42	4.18741e-10
20	9.92266e-43	2.81143e-10
