-20	2.70712e-44	1.77243e-25
-19.799	1.98242e-43	5.3707e-25
-19.598	1.40425e-42	1.60927e-24
-19.397	9.75038e-42	4.76832e-24
-19.196	6.63695e-41	1.39713e-23
-18.995	4.4288e-40	4.04805e-23
-18.794	2.89716e-39	1.15982e-22
-18.593	1.85792e-38	3.28605e-22
-18.392	1.16802e-37	9.20648e-22
-18.191	7.19843e-37	2.55064e-21
-17.9899	4.34901e-36	6.98783e-21
-17.7889	2.57577e-35	1.89309e-20
-17.5879	1.4955e-34	5.07152e-20
-17.3869	8.51187e-34	1.34351e-19
-17.1859	4.74925e-33	3.5195e-19
-16.9849	2.59767e-32	9.1171e-19
-16.7839	1.39283e-31	2.33545e-18
-16.5829	7.32103e-31	5.91589e-18
-16.3819	3.77224e-30	1.48186e-17
-16.1809	1.90538e-29	3.67054e-17
-15.9799	9.43444e-29	8.99063e-17
-15.7789	4.57934e-28	2.17765e-16
-15.5779	2.17891e-27	5.2158e-16
-15.3769	1.01631e-26	1.23535e-15
-15.1759	4.64686e-26	2.89333e-15
-14.9749	2.08277e-25	6.70104e-15
-14.7739	9.15098e-25	1.5347e-14
-14.5729	3.94129e-24	3.47568e-14
-14.3719	1.664e-23	7.78385e-14
-14.1709	6.8867e-23	1.72379e-13
-13.9698	2.79389e-22	3.77496e-13
-13.7688	1.11109e-21	8.1748e-13
-13.5678	4.33137e-21	1.75057e-12
-13.3668	1.65516e-20	3.70695e-12
-13.1658	6.2e-20	7.76231e-12
-12.9648	2.27656e-19	1.60732e-11
-12.7638	8.19408e-19	3.29117e-11
-12.5628	2.89105e-18	6.66401e-11
-12.3618	9.99867e-18	1.33431e-10
-12.1608	3.3897e-17	2.64189e-10
-11.9598	1.12644e-16	5.17262e-10
-11.7588	3.66933e-16	1.00148e-09
-11.5578	1.17164e-15	1.91739e-09
-11.3568	3.66712e-15	3.63008e-09
-11.1558	1.12508e-14	6.79608e-09
-10.9548	3.38351e-14	1.25816e-08
-10.7538	9.97414e-14	2.30331e-08
-10.5528	2.88208e-13	4.1697e-08
-10.3518	8.16319e-13	7.46439e-08
-10.1508	2.26639e-12	1.32136e-07
-9.94975	6.16777e-12	2.31304e-07
-9.74874	1.64529e-11	4.00389e-07
-9.54774	4.30204e-11	6.85359e-07
-9.34673	1.10262e-10	1.16009e-06
-9.14573	2.77007e-10	1.94178e-06
-8.94472	6.82141e-10	3.21401e-06
-8.74372	1.64654e-09	5.26054e-06
-8.54271	3.89568e-09	8.51432e-06
-8.34171	9.03459e-09	1.36272e-05
-8.1407	2.05374e-08	2.15675e-05
-7.9397	4.5761e-08	3.37544e-05
-7.73869	9.9944e-08	5.22392e-05
-7.53769	2.13958e-07	7.99467e-05
-7.33668	4.48961e-07	0.000120988
-7.13568	9.23418e-07	0.000181058
-6.93467	1.86164e-06	0.000267936
-6.73367	3.67876e-06	0.000392087
-6.53266	7.12549e-06	0.000567374
-6.33166	1.3528e-05	0.000811883
-6.13065	2.51743e-05	0.00114883
-5.92965	4.59185e-05	0.0016075
-5.72864	8.2096e-05	0.00222426
-5.52764	0.000143867	0.00304339
-5.32663	0.000247116	0.0041178
-5.12563	0.000416051	0.00550947
-4.92462	0.000686583	0.00728938
-4.72362	0.00111056	0.00953694
-4.52261	0.00176073	0.0123385
-4.32161	0.00273618	0.0157854
-4.1206	0.0041677	0.0199703
-3.9196	0.00622226	0.0249832
-3.71859	0.00910543	0.0309065
-3.51759	0.0130603	0.0378085
-3.31658	0.0183612	0.0457366
-3.11558	0.0253018	0.0547112
-2.91457	0.0341743	0.064718
-2.71357	0.0452423	0.0757026
-2.51256	0.0587068	0.0875655
-2.31156	0.0746672	0.100159
-2.11055	0.0930827	0.113289
-1.90955	0.113738	0.126713
-1.70854	0.136219	0.140149
-1.50754	0.159907	0.153284
-1.30653	0.18399	0.165782
-1.10553	0.207499	0.177304
-0.904523	0.229369	0.187514
-0.703518	0.248514	0.196104
-0.502513	0.263914	0.202804
-0.301508	0.274707	0.207397
-0.100503	0.280268	0.209733
0.100503	0.280268	0.209733
0.301508	0.274707	0.207397
0.502513	0.263914	0.202804
0.703518	0.248514	0.196104
0.904523	0.229369	0.187514
1.10553	0.207499	0.177304
1.30653	0.18399	0.165782
1.50754	0.159907	0.153284
1.70854	0.136219	0.140149
1.90955	0.113738	0.126713
2.11055	0.0930827	0.113289
2.31156	0.0746672	0.100159
2.51256	0.0587068	0.0875655
2.71357	0.0452423	0.0757026
2.91457	0.0341743	0.064718
3.11558	0.0253018	0.0547112
3.31658	0.0183612	0.0457366
3.51759	0.0130603	0.0378085
3.71859	0.00910543	0.0309065
3.9196	0.00622226	0.0249832
4.1206	0.0041677	0.0199703
4.32161	0.00273618	0.0157854
4.52261	0.00176073	0.0123385
4.72362	0.00111056	0.00953694
4.92462	0.000686583	0.00728938
5.12563	0.000416051	0.00550947
5.32663	0.000247116	0.0041178
5.52764	0.000143867	0.00304339
5.72864	8.2096e-05	0.00222426
5.92965	4.59185e-05	0.0016075
6.13065	2.51743e-05	0.00114883
6.33166	1.3528e-05	0.000811883
6.53266	7.12549e-06	0.000567374
6.73367	3.67876e-06	0.000392087
6.93467	1.86164e-06	0.000267936
7.13568	9.23418e-07	0.000181058
7.33668	4.48961e-07	0.000120988
7.53769	2.13958e-07	7.99467e-05
7.73869	9.9944e-08	5.22392e-05
7.9397	4.5761e-08	3.37544e-05
8.1407	2.05374e-08	2.15675e-05
8.34171	9.03459e-09	1.36272e-05
8.54271	3.89568e-09	8.51432e-06
8.74372	1.64654e-09	5.26054e-06
8.94472	6.82141e-10	3.21401e-06
9.14573	2.77007e-10	1.94178e-06
9.34673	1.10262e-10	1.16009e-06
9.54774	4.30204e-11	6.85359e-07
9.74874	1.64529e-11	4.00389e-07
9.94975	6.16777e-12	2.31304e-07
10.1508	2.26639e-12	1.32136e-07
10.3518	8.16319e-13	7.46439e-08
10.5528	2.88208e-13	4.1697e-08
10.7538	9.97414e-14	2.30331e-08
10.9548	3.38351e-14	1.25816e-08
11.1558	1.12508e-14	6.79608e-09
11.3568	3.66712e-15	3.63008e-09
11.5578	1.17164e-15	1.91739e-09
11.7588	3.66933e-16	1.00148e-09
11.9598	1.12644e-16	5.17262e-10
12.1608	3.3897e-17	2.64189e-10
12.3618	9.99867e-18	1.33431e-10
12.5628	2.89105e-18	6.66401e-11
12.7638	8.19408e-19	3.29117e-11
12.9648	2.27656e-19	1.60732e-11
13.1658	6.2e-20	7.76231e-12
13.3668	1.65516e-20	3.70695e-12
13.5678	4.33137e-21	1.75057e-12
13.7688	1.11109e-21	8.1748e-13
13.9698	2.79389e-22	3.77496e-13
14.1709	6.8867e-23	1.72379e-13
14.3719	1.664e-23	7.78385e-14
14.5729	3.94129e-24	3.47568e-14
14.7739	9.15098e-25	1.5347e-14
14.9749	2.08277e-25	6.70104e-15
15.1759	4.64686e-26	2.89333e-15
15.3769	1.01631e-26	1.23535e-15
15.5779	2.17891e-27	5.2158e-16
15.7789	4.57934e-28	2.17765e-16
15.9799	9.43444e-29	8.99063e-17
16.1809	1.90538e-29	3.67054e-17
16.3819	3.77224e-30	1.48186e-17
16.5829	7.32103e-31	5.91589e-18
16.7839	1.39283e-31	2.33545e-18
16.9849	2.59767e-32	9.1171e-19
17.1859	4.74925e-33	3.5195e-19
17.3869	8.51187e-34	1.34351e-19
17.5879	1.4955e-34	5.07152e-20
17.7889	2.57577e-35	1.89309e-20
17.9899	4.34901e-36	6.98783e-21
18.191	7.19843e-37	2.55064e-21
18.392	1.16802e-37	9.20648e-22
18.593	1.85792e-38	3.28605e-22
18.794	2.89716e-39	1.15982e-22
18.995	4.4288e-40	4.04805e-23
19.196	6.63695e-41	1.39713e-23
19.397	9.75038e-42	4.76832e-24
19.598	1.40425e-42	1.60927e-24
19.799	1.98242e-43	5.3707e-25
20	2.70712e-44	1.77243e-25
