-20	4.32571e-44	3.90744e-21
-19.799	3.14115e-43	9.67422e-21
-19.598	2.20139e-42	2.37336e-20
-19.397	1.5124e-41	5.76943e-20
-19.196	1.01877e-40	1.38972e-19
-18.995	6.72864e-40	3.31697e-19
-18.794	4.35728e-39	7.84478e-19
-18.593	2.76656e-38	1.83841e-18
-18.392	1.72227e-37	4.26901e-18
-18.191	1.05122e-36	9.82281e-18
-17.9899	6.29096e-36	2.23958e-17
-17.7889	3.69122e-35	5.05965e-17
-17.5879	2.1235e-34	1.13265e-16
-17.3869	1.19773e-33	2.51245e-16
-17.1859	6.62355e-33	5.5223e-16
-16.9849	3.59125e-32	1.20272e-15
-16.7839	1.90906e-31	2.59558e-15
-16.5829	9.94982e-31	5.55043e-15
-16.3819	5.08425e-30	1.17609e-14
-16.1809	2.54715e-29	2.46933e-14
-15.9799	1.25111e-28	5.13736e-14
-15.7789	6.0249e-28	1.05907e-13
-15.5779	2.84455e-27	2.16337e-13
-15.3769	1.3167e-26	4.37885e-13
-15.1759	5.97539e-26	8.7824e-13
-14.9749	2.65859e-25	1.74538e-12
-14.7739	1.15968e-24	3.43707e-12
-14.5729	4.95941e-24	6.70671e-12
-14.3719	2.07931e-23	1.29674e-11
-14.1709	8.54691e-23	2.4844e-11
-13.9698	3.44425e-22	4.71642e-11
-13.7688	1.36074e-21	8.8721e-11
-13.5678	5.27047e-21	1.65372e-10
-13.3668	2.00131e-20	3.05438e-10
-13.1658	7.45025e-20	5.58992e-10
-12.9648	2.71904e-19	1.0137e-09
-12.7638	9.7285e-19	1.82154e-09
-12.5628	3.41242e-18	3.24333e-09
-12.3618	1.17344e-17	5.72224e-09
-12.1608	3.9559e-17	1.00038e-08
-11.9598	1.3074e-16	1.73294e-08
-11.7588	4.23594e-16	2.97459e-08
-11.5578	1.34545e-15	5.05935e-08
-11.3568	4.18952e-15	8.52676e-08
-11.1558	1.27889e-14	1.42396e-07
-10.9548	3.82717e-14	2.35631e-07
-10.7538	1.12277e-13	3.86359e-07
-10.5528	3.22907e-13	6.27729e-07
-10.3518	9.10397e-13	1.01059e-06
-10.1508	2.51624e-12	1.61215e-06
-9.94975	6.81772e-12	2.54832e-06
-9.74874	1.81089e-11	3.99143e-06
-9.54774	4.71527e-11	6.19476e-06
-9.34673	1.20361e-10	9.52674e-06
-9.14573	3.01177e-10	1.45173e-05
-8.94472	7.38789e-10	2.19206e-05
-8.74372	1.77655e-09	3.27975e-05
-8.54271	4.18784e-09	4.86242e-05
-8.34171	9.67741e-09	7.1431e-05
-8.1407	2.19222e-08	0.000103979
-7.9397	4.86812e-08	0.000149977
-7.73869	1.05972e-07	0.000214352
-7.53769	2.26138e-07	0.000303567
-7.33668	4.73049e-07	0.000425994
-7.13568	9.70035e-07	0.000592346
-6.93467	1.94992e-06	0.000816152
-6.73367	3.84233e-06	0.00111427
-6.53266	7.42197e-06	0.00150741
-6.33166	1.40536e-05	0.00202067
-6.13065	2.60857e-05	0.002684
-5.92965	4.74636e-05	0.00353259
-5.72864	8.46567e-05	0.00460708
-5.52764	0.000148014	0.00595364
-5.32663	0.000253681	0.00762363
-5.12563	0.000426199	0.00967306
-4.92462	0.000701903	0.0121616
-4.72362	0.00113313	0.0151509
-4.52261	0.00179317	0.0187029
-4.32161	0.00278164	0.0228772
-4.1206	0.00422978	0.0277281
-3.9196	0.0063048	0.0333012
-3.71859	0.00921213	0.0396299
-3.51759	0.0131942	0.0467315
-3.31658	0.0185244	0.0546033
-3.11558	0.025494	0.0632195
-2.91457	0.0343926	0.0725281
-2.71357	0.0454805	0.0824488
-2.51256	0.0589548	0.0928721
-2.31156	0.0749111	0.10366
-2.11055	0.093305	0.114645
-1.90955	0.113919	0.12564
-1.70854	0.136339	0.136433
-1.50754	0.159946	0.146803
-1.30653	0.183932	0.156522
-1.10553	0.207336	0.165363
-0.904523	0.229098	0.17311
-0.703518	0.248142	0.179569
-0.502513	0.263456	0.18457
-0.301508	0.274188	0.187982
-0.100503	0.279716	0.189711
0.100503	0.279716	0.189711
0.301508	0.274188	0.187982
0.502513	0.263456	0.18457
0.703518	0.248142	0.179569
0.904523	0.229098	0.17311
1.10553	0.207336	0.165363
1.30653	0.183932	0.156522
1.50754	0.159946	0.146803
1.70854	0.136339	0.136433
1.90955	0.113919	0.12564
2.11055	0.093305	0.114645
2.31156	0.0749111	0.10366
2.51256	0.0589548	0.0928721
2.71357	0.0454805	0.0824488
2.91457	0.0343926	0.0725281
3.11558	0.025494	0.0632195
3.31658	0.0185244	0.0546033
3.51759	0.0131942	0.0467315
3.71859	0.00921213	0.0396299
3.9196	0.0063048	0.0333012
4.1206	0.00422978	0.0277281
4.32161	0.00278164	0.0228772
4.52261	0.00179317	0.0187029
4.72362	0.00113313	0.0151509
4.92462	0.000701903	0.0121616
5.12563	0.000426199	0.00967306
5.32663	0.000253681	0.00762363
5.52764	0.000148014	0.00595364
5.72864	8.46567e-05	0.00460708
5.92965	4.74636e-05	0.00353259
6.13065	2.60857e-05	0.002684
6.33166	1.40536e-05	0.00202067
6.53266	7.42197e-06	0.00150741
6.73367	3.84233e-06	0.00111427
6.93467	1.94992e-06	0.000816152
7.13568	9.70035e-07	0.000592346
7.33668	4.73049e-07	0.000425994
7.53769	2.26138e-07	0.000303567
7.73869	1.05972e-07	0.000214352
7.9397	4.86812e-08	0.000149977
8.1407	2.19222e-08	0.000103979
8.34171	9.67741e-09	7.1431e-05
8.54271	4.18784e-09	4.86242e-05
8.74372	1.77655e-09	3.27975e-05
8.94472	7.38789e-10	2.19206e-05
9.14573	3.01177e-10	1.45173e-05
9.34673	1.20361e-10	9.52674e-06
9.54774	4.71527e-11	6.19476e-06
9.74874	1.81089e-11	3.99143e-06
9.94975	6.81772e-12	2.54832e-06
10.1508	2.51624e-12	1.61215e-06
10.3518	9.10397e-13	1.01059e-06
10.5528	3.22907e-13	6.27729e-07
10.7538	1.12277e-13	3.86359e-07
10.9548	3.82717e-14	2.35631e-07
11.1558	1.27889e-14	1.42396e-07
11.3568	4.18952e-15	8.52676e-08
11.5578	1.34545e-15	5.05935e-08
11.7588	4.23594e-16	2.97459e-08
11.9598	1.3074e-16	1.73294e-08
12.1608	3.9559e-17	1.00038e-08
12.3618	1.17344e-17	5.72224e-09
12.5628	3.41242e-18	3.24333e-09
12.7638	9.7285e-19	1.82154e-09
12.9648	2.71904e-19	1.0137e-09
13.1658	7.45025e-20	5.58992e-10
13.3668	2.00131e-20	3.05438e-10
13.5678	5.27047e-21	1.65372e-10
13.7688	1.36074e-21	8.8721e-11
13.9698	3.44425e-22	4.71642e-11
14.1709	8.54691e-23	2.4844e-11
14.3719	2.07931e-23	1.29674e-11
14.5729	4.95941e-24	6.70671e-12
14.7739	1.15968e-24	3.43707e-12
14.9749	2.65859e-25	1.74538e-12
15.1759	5.97539e-26	8.7824e-13
15.3769	1.3167e-26	4.37885e-13
15.5779	2.84455e-27	2.16337e-13
15.7789	6.0249e-28	1.05907e-13
15.9799	1.25111e-28	5.13736e-14
16.1809	2.54715e-29	2.46933e-14
16.3819	5.08425e-30	1.17609e-14
16.5829	9.94982e-31	5.55043e-15
16.7839	1.90906e-31	2.59558e-15
16.9849	3.59125e-32	1.20272e-15
17.1859	6.62355e-33	5.5223e-16
17.3869	1.19773e-33	2.51245e-16
17.5879	2.1235e-34	1.13265e-16
17.7889	3.69122e-35	5.05965e-17
17.9899	6.29096e-36	2.23958e-17
18.191	1.05122e-36	9.82281e-18
18.392	1.72227e-37	4.26901e-18
18.593	2.76656e-38	1.83841e-18
18.794	4.35728e-39	7.84478e-19
18.995	6.72864e-40	3.31697e-19
19.196	1.01877e-40	1.38972e-19
19.397	1.5124e-41	5.76943e-20
19.598	2.20139e-42	2.37336e-20
19.799	3.14115e-43	9.67422e-21
20	4.32571e-44	3.90744e-21
