-20	6.87774e-44	3.89134e-18
-19.799	4.94824e-43	8.37786e-18
-19.598	3.43152e-42	1.7898e-17
-19.397	2.33305e-41	3.79411e-17
-19.196	1.5555e-40	7.98091e-17
-18.995	1.01701e-39	1.66583e-16
-18.794	6.52054e-39	3.45021e-16
-18.593	4.09964e-38	7.09081e-16
-18.392	2.5276e-37	1.44605e-15
-18.191	1.52816e-36	2.92621e-15
-17.9899	9.06e-36	5.87575e-15
-17.7889	5.2672e-35	1.17073e-14
-17.5879	3.00278e-34	2.31467e-14
-17.3869	1.67864e-33	4.54104e-14
-17.1859	9.20192e-33	8.84011e-14
-16.9849	4.94634e-32	1.70764e-13
-16.7839	2.60719e-31	3.27319e-13
-16.5829	1.34754e-30	6.2256e-13
-16.3819	6.82951e-30	1.17497e-12
-16.1809	3.39401e-29	2.20045e-12
-15.9799	1.6539e-28	4.08912e-12
-15.7789	7.90274e-28	7.54022e-12
-15.5779	3.70267e-27	1.37967e-11
-15.3769	1.70106e-26	2.50496e-11
-15.1759	7.66282e-26	4.51299e-11
-14.9749	3.3847e-25	8.06795e-11
-14.7739	1.46592e-24	1.43119e-10
-14.5729	6.2253e-24	2.51923e-10
-14.3719	2.59218e-23	4.40023e-10
-14.1709	1.05834e-22	7.62638e-10
-13.9698	4.23675e-22	1.31159e-09
-13.7688	1.663e-21	2.23827e-09
-13.5678	6.40025e-21	3.79021e-09
-13.3668	2.41517e-20	6.36869e-09
-13.1658	8.93594e-20	1.06187e-08
-12.9648	3.24171e-19	1.75684e-08
-12.7638	1.15304e-18	2.88421e-08
-12.5628	4.02118e-18	4.69848e-08
-12.3618	1.37498e-17	7.59494e-08
-12.1608	4.60967e-17	1.21823e-07
-11.9598	1.51522e-16	1.93895e-07
-11.7588	4.88323e-16	3.06226e-07
-11.5578	1.543e-15	4.79902e-07
-11.3568	4.78024e-15	7.46276e-07
-11.1558	1.45196e-14	1.15155e-06
-10.9548	4.32395e-14	1.7632e-06
-10.7538	1.26248e-13	2.6789e-06
-10.5528	3.61398e-13	4.03876e-06
-10.3518	1.01429e-12	6.04192e-06
-10.1508	2.79093e-12	8.96888e-06
-9.94975	7.52921e-12	1.32111e-05
-9.74874	1.9914e-11	1.93096e-05
-9.54774	5.16387e-11	2.80055e-05
-9.34673	1.3128e-10	4.03043e-05
-9.14573	3.27209e-10	5.75565e-05
-8.94472	7.99568e-10	8.15593e-05
-8.74372	1.91552e-09	0.00011468
-8.54271	4.49901e-09	0.000160007
-8.34171	1.03597e-08	0.000221527
-8.1407	2.33868e-08	0.000304334
-7.9397	5.17595e-08	0.000414868
-7.73869	1.12306e-07	0.000561184
-7.53769	2.38896e-07	0.000753246
-7.33668	4.98202e-07	0.00100324
-7.13568	1.01857e-06	0.00132589
-6.93467	2.04157e-06	0.00173879
-6.73367	4.01167e-06	0.00226268
-6.53266	7.72808e-06	0.00292169
-6.33166	1.45949e-05	0.00374353
-6.13065	2.70219e-05	0.00475954
-5.92965	4.90468e-05	0.00600461
-5.72864	8.72744e-05	0.00751692
-5.52764	0.000152245	0.00933752
-5.32663	0.000260362	0.0115096
-5.12563	0.000436506	0.0140774
-4.92462	0.000717429	0.0170853
-4.72362	0.00115596	0.0205759
-4.52261	0.00182593	0.0245884
-4.32161	0.00282747	0.0291566
-4.1206	0.00429225	0.0343069
-3.9196	0.00638771	0.0400554
-3.71859	0.00931915	0.0464062
-3.51759	0.0133284	0.0533492
-3.31658	0.0186875	0.0608577
-3.11558	0.0256858	0.0688873
-2.91457	0.0346103	0.0773747
-2.71357	0.0457177	0.0862373
-2.51256	0.0592014	0.0953733
-2.31156	0.0751532	0.104663
-2.11055	0.0935254	0.113972
-1.90955	0.114098	0.123151
-1.70854	0.136456	0.132043
-1.50754	0.159983	0.140484
-1.30653	0.183874	0.148311
-1.10553	0.207173	0.155367
-0.904523	0.228828	0.161502
-0.703518	0.247771	0.166584
-0.502513	0.263001	0.1705
-0.301508	0.273671	0.173162
-0.100503	0.279167	0.174509
0.100503	0.279167	0.174509
0.301508	0.273671	0.173162
0.502513	0.263001	0.1705
0.703518	0.247771	0.166584
0.904523	0.228828	0.161502
1.10553	0.207173	0.155367
1.30653	0.183874	0.148311
1.50754	0.159983	0.140484
1.70854	0.136456	0.132043
1.90955	0.114098	0.123151
2.11055	0.0935254	0.113972
2.31156	0.0751532	0.104663
2.51256	0.0592014	0.0953733
2.71357	0.0457177	0.0862373
2.91457	0.0346103	0.0773747
3.11558	0.0256858	0.0688873
3.31658	0.0186875	0.0608577
3.51759	0.0133284	0.0533492
3.71859	0.00931915	0.0464062
3.9196	0.00638771	0.0400554
4.1206	0.00429225	0.0343069
4.32161	0.00282747	0.0291566
4.52261	0.00182593	0.0245884
4.72362	0.00115596	0.0205759
4.92462	0.000717429	0.0170853
5.12563	0.000436506	0.0140774
5.32663	0.000260362	0.0115096
5.52764	0.000152245	0.00933752
5.72864	8.72744e-05	0.00751692
5.92965	4.90468e-05	0.00600461
6.13065	2.70219e-05	0.00475954
6.33166	1.45949e-05	0.00374353
6.53266	7.72808e-06	0.00292169
6.73367	4.01167e-06	0.00226268
6.93467	2.04157e-06	0.00173879
7.13568	1.01857e-06	0.00132589
7.33668	4.98202e-07	0.00100324
7.53769	2.38896e-07	0.000753246
7.73869	1.12306e-07	0.000561184
7.9397	5.17595e-08	0.000414868
8.1407	2.33868e-08	0.000304334
8.34171	1.03597e-08	0.000221527
8.54271	4.49901e-09	0.000160007
8.74372	1.91552e-09	0.00011468
8.94472	7.99568e-10	8.15593e-05
9.14573	3.27209e-10	5.75565e-05
9.34673	1.3128e-10	4.03043e-05
9.54774	5.16387e-11	2.80055e-05
9.74874	1.9914e-11	1.93096e-05
9.94975	7.52921e-12	1.32111e-05
10.1508	2.79093e-12	8.96888e-06
10.3518	1.01429e-12	6.04192e-06
10.5528	3.61398e-13	4.03876e-06
10.7538	1.26248e-13	2.6789e-06
10.9548	4.32395e-14	1.7632e-06
11.1558	1.45196e-14	1.15155e-06
11.3568	4.78024e-15	7.46276e-07
11.5578	1.543e-15	4.79902e-07
11.7588	4.88323e-16	3.06226e-07
11.9598	1.51522e-16	1.93895e-07
12.1608	4.60967e-17	1.21823e-07
12.3618	1.37498e-17	7.59494e-08
12.5628	4.02118e-18	4.69848e-08
12.7638	1.15304e-18	2.88421e-08
12.9648	3.24171e-19	1.75684e-08
13.1658	8.93594e-20	1.06187e-08
13.3668	2.41517e-20	6.36869e-09
13.5678	6.40025e-21	3.79021e-09
13.7688	1.663e-21	2.23827e-09
13.9698	4.23675e-22	1.31159e-09
14.1709	1.05834e-22	7.62638e-10
14.3719	2.59218e-23	4.40023e-10
14.5729	6.2253e-24	2.51923e-10
14.7739	1.46592e-24	1.43119e-10
14.9749	3.3847e-25	8.06795e-11
15.1759	7.66282e-26	4.51299e-11
15.3769	1.70106e-26	2.50496e-11
15.5779	3.70267e-27	1.37967e-11
15.7789	7.90274e-28	7.54022e-12
15.9799	1.6539e-28	4.08912e-12
16.1809	3.39401e-29	2.20045e-12
16.3819	6.82951e-30	1.17497e-12
16.5829	1.34754e-30	6.2256e-13
16.7839	2.60719e-31	3.27319e-13
16.9849	4.94634e-32	1.70764e-13
17.1859	9.20192e-33	8.84011e-14
17.3869	1.67864e-33	4.54104e-14
17.5879	3.00278e-34	2.31467e-14
17.7889	5.2672e-35	1.17073e-14
17.9899	9.06e-36	5.87575e-15
18.191	1.52816e-36	2.92621e-15
18.392	2.5276e-37	1.44605e-15
18.593	4.09964e-38	7.09081e-16
18.794	6.52054e-39	3.45021e-16
18.995	1.01701e-39	1.66583e-16
19.196	1.5555e-40	7.98091e-17
19.397	2.33305e-41	3.79411e-17
19.598	3.43152e-42	1.7898e-17
19.799	4.94824e-43	8.37786e-18
20	6.87774e-44	3.89134e-18
