-20	1.08771e-43	6.06682e-16
-19.799	7.75072e-43	1.17901e-15
-19.598	5.31952e-42	2.27592e-15
-19.397	3.57973e-41	4.36399e-15
-19.196	2.36267e-40	8.31181e-15
-18.995	1.52943e-39	1.57251e-14
-18.794	9.71016e-39	2.95511e-14
-18.593	6.04632e-38	5.51622e-14
-18.392	3.69251e-37	1.02281e-13
-18.191	2.21164e-36	1.88379e-13
-17.9899	1.29918e-35	3.44632e-13
-17.7889	7.48477e-35	6.26274e-13
-17.5879	4.22905e-34	1.13047e-12
-17.3869	2.34347e-33	2.02692e-12
-17.1859	1.27357e-32	3.60996e-12
-16.9849	6.7879e-32	6.38634e-12
-16.7839	3.54805e-31	1.12224e-11
-16.5829	1.8188e-30	1.95888e-11
-16.3819	9.14361e-30	3.39636e-11
-16.1809	4.50802e-29	5.8493e-11
-15.9799	2.17964e-28	1.00065e-10
-15.7789	1.03351e-27	1.70036e-10
-15.5779	4.80585e-27	2.87005e-10
-15.3769	2.19154e-26	4.81195e-10
-15.1759	9.80055e-26	8.0138e-10
-14.9749	4.29803e-25	1.32569e-09
-14.7739	1.84843e-24	2.17836e-09
-14.5729	7.79563e-24	3.55552e-09
-14.3719	3.2241e-23	5.7645e-09
-14.1709	1.3076e-22	9.28336e-09
-13.9698	5.20048e-22	1.48503e-08
-13.7688	2.02822e-21	2.35966e-08
-13.5678	7.75686e-21	3.72434e-08
-13.3668	2.90907e-20	5.83894e-08
-13.1658	1.06983e-19	9.09295e-08
-12.9648	3.85806e-19	1.40657e-07
-12.7638	1.36431e-18	2.16123e-07
-12.5628	4.73086e-18	3.29859e-07
-12.3618	1.60862e-17	5.0008e-07
-12.1608	5.36349e-17	7.53072e-07
-11.9598	1.75356e-16	1.12647e-06
-11.7588	5.62173e-16	1.67373e-06
-11.5578	1.76723e-15	2.47024e-06
-11.3568	5.44739e-15	3.6214e-06
-11.1558	1.64647e-14	5.27352e-06
-10.9548	4.8796e-14	7.62797e-06
-10.7538	1.41801e-13	1.09598e-05
-10.5528	4.04053e-13	1.56416e-05
-10.3518	1.1289e-12	2.21741e-05
-10.1508	3.09266e-12	3.12246e-05
-9.94975	8.30738e-12	4.36749e-05
-9.74874	2.18801e-11	6.0681e-05
-9.54774	5.65049e-11	8.37449e-05
-9.34673	1.43078e-10	0.000114802
-9.14573	3.55226e-10	0.000156324
-8.94472	8.64736e-10	0.00021144
-8.74372	2.06398e-09	0.000284076
-8.54271	4.83023e-09	0.000379111
-8.34171	1.10833e-08	0.000502556
-8.1407	2.49351e-08	0.000661739
-7.9397	5.5003e-08	0.000865516
-7.73869	1.18959e-07	0.00112447
-7.53769	2.52254e-07	0.00145113
-7.33668	5.24458e-07	0.00186016
-7.13568	1.06909e-06	0.00236854
-6.93467	2.13669e-06	0.00299568
-6.73367	4.18693e-06	0.00376353
-6.53266	8.04404e-06	0.00469657
-6.33166	1.51522e-05	0.00582171
-6.13065	2.79832e-05	0.00716814
-5.92965	5.06687e-05	0.00876693
-5.72864	8.99498e-05	0.0106506
-5.52764	0.000156559	0.0128524
-5.32663	0.00026716	0.0154058
-5.12563	0.000446971	0.0183428
-4.92462	0.000733164	0.0216937
-4.72362	0.00117906	0.0254851
-4.52261	0.001859	0.0297388
-4.32161	0.00287365	0.0344705
-4.1206	0.0043551	0.0396877
-3.9196	0.00647098	0.045389
-3.71859	0.00942647	0.051562
-3.51759	0.0134628	0.0581827
-3.31658	0.0188506	0.0652145
-3.11558	0.0258774	0.0726072
-2.91457	0.0348273	0.0802971
-2.71357	0.0459539	0.0882076
-2.51256	0.0594467	0.0962492
-2.31156	0.0753936	0.104321
-2.11055	0.0937439	0.112314
-1.90955	0.114275	0.120111
-1.70854	0.136572	0.127589
-1.50754	0.160019	0.134627
-1.30653	0.183815	0.141103
-1.10553	0.207009	0.146901
-0.904523	0.228558	0.151914
-0.703518	0.247402	0.156047
-0.502513	0.262548	0.159221
-0.301508	0.273157	0.161372
-0.100503	0.278621	0.162459
0.100503	0.278621	0.162459
0.301508	0.273157	0.161372
0.502513	0.262548	0.159221
0.703518	0.247402	0.156047
0.904523	0.228558	0.151914
1.10553	0.207009	0.146901
1.30653	0.183815	0.141103
1.50754	0.160019	0.134627
1.70854	0.136572	0.127589
1.90955	0.114275	0.120111
2.11055	0.0937439	0.112314
2.31156	0.0753936	0.104321
2.51256	0.0594467	0.0962492
2.71357	0.0459539	0.0882076
2.91457	0.0348273	0.0802971
3.11558	0.0258774	0.0726072
3.31658	0.0188506	0.0652145
3.51759	0.0134628	0.0581827
3.71859	0.00942647	0.051562
3.9196	0.00647098	0.045389
4.1206	0.0043551	0.0396877
4.32161	0.00287365	0.0344705
4.52261	0.001859	0.0297388
4.72362	0.00117906	0.0254851
4.92462	0.000733164	0.0216937
5.12563	0.000446971	0.0183428
5.32663	0.00026716	0.0154058
5.52764	0.000156559	0.0128524
5.72864	8.99498e-05	0.0106506
5.92965	5.06687e-05	0.00876693
6.13065	2.79832e-05	0.00716814
6.33166	1.51522e-05	0.00582171
6.53266	8.04404e-06	0.00469657
6.73367	4.18693e-06	0.00376353
6.93467	2.13669e-06	0.00299568
7.13568	1.06909e-06	0.00236854
7.33668	5.24458e-07	0.00186016
7.53769	2.52254e-07	0.00145113
7.73869	1.18959e-07	0.00112447
7.9397	5.5003e-08	0.000865516
8.1407	2.49351e-08	0.000661739
8.34171	1.10833e-08	0.000502556
8.54271	4.83023e-09	0.000379111
8.74372	2.06398e-09	0.000284076
8.94472	8.64736e-10	0.00021144
9.14573	3.55226e-10	0.000156324
9.34673	1.43078e-10	0.000114802
9.54774	5.65049e-11	8.37449e-05
9.74874	2.18801e-11	6.0681e-05
9.94975	8.30738e-12	4.36749e-05
10.1508	3.09266e-12	3.12246e-05
10.3518	1.1289e-12	2.21741e-05
10.5528	4.04053e-13	1.56416e-05
10.7538	1.41801e-13	1.09598e-05
10.9548	4.8796e-14	7.62797e-06
11.1558	1.64647e-14	5.27352e-06
11.3568	5.44739e-15	3.6214e-06
11.5578	1.76723e-15	2.47024e-06
11.7588	5.62173e-16	1.67373e-06
11.9598	1.75356e-16	1.12647e-06
12.1608	5.36349e-17	7.53072e-07
12.3618	1.60862e-17	5.0008e-07
12.5628	4.73086e-18	3.29859e-07
12.7638	1.36431e-18	2.16123e-07
12.9648	3.85806e-19	1.40657e-07
13.1658	1.06983e-19	9.09295e-08
13.3668	2.90907e-20	5.83894e-08
13.5678	7.75686e-21	3.72434e-08
13.7688	2.02822e-21	2.35966e-08
13.9698	5.20048e-22	1.48503e-08
14.1709	1.3076e-22	9.28336e-09
14.3719	3.2241e-23	5.7645e-09
14.5729	7.79563e-24	3.55552e-09
14.7739	1.84843e-24	2.17836e-09
14.9749	4.29803e-25	1.32569e-09
15.1759	9.80055e-26	8.0138e-10
15.3769	2.19154e-26	4.81195e-10
15.5779	4.80585e-27	2.87005e-10
15.7789	1.03351e-27	1.70036e-10
15.9799	2.17964e-28	1.00065e-10
16.1809	4.50802e-29	5.8493e-11
16.3819	9.14361e-30	3.39636e-11
16.5829	1.8188e-30	1.95888e-11
16.7839	3.54805e-31	1.12224e-11
16.9849	6.7879e-32	6.38634e-12
17.1859	1.27357e-32	3.60996e-12
17.3869	2.34347e-33	2.02692e-12
17.5879	4.22905e-34	1.13047e-12
17.7889	7.48477e-35	6.26274e-13
17.9899	1.29918e-35	3.44632e-13
18.191	2.21164e-36	1.88379e-13
18.392	3.69251e-37	1.02281e-13
18.593	6.04632e-38	5.51622e-14
18.794	9.71016e-39	2.95511e-14
18.995	1.52943e-39	1.57251e-14
19.196	2.36267e-40	8.31181e-15
19.397	3.57973e-41	4.36399e-15
19.598	5.31952e-42	2.27592e-15
19.799	7.75072e-43	1.17901e-15
20	1.08771e-43	6.06682e-16
