-20	1.71084e-43	2.85541e-14
-19.799	1.20732e-42	5.13129e-14
-19.598	8.20185e-42	9.1667e-14
-19.397	5.46387e-41	1.6279e-13
-19.196	3.57049e-40	2.87391e-13
-18.995	2.28872e-39	5.04365e-13
-18.794	1.43911e-38	8.79927e-13
-18.593	8.87615e-38	1.52608e-12
-18.392	5.37013e-37	2.63109e-12
-18.191	3.18692e-36	4.50945e-12
-17.9899	1.85515e-35	7.68316e-12
-17.7889	1.05926e-34	1.30132e-11
-17.5879	5.93262e-34	2.19108e-11
-17.3869	3.25912e-33	3.66742e-11
-17.1859	1.75616e-32	6.10228e-11
-16.9849	9.28182e-32	1.00937e-10
-16.7839	4.81177e-31	1.65974e-10
-16.5829	2.44667e-30	2.71305e-10
-16.3819	1.22023e-29	4.40863e-10
-16.1809	5.969e-29	7.12161e-10
-15.9799	2.86385e-28	1.14362e-09
-15.7789	1.34768e-27	1.82563e-09
-15.5779	6.22018e-27	2.89717e-09
-15.3769	2.81579e-26	4.5705e-09
-15.1759	1.25019e-25	7.16774e-09
-14.9749	5.44404e-25	1.11745e-08
-14.7739	2.32508e-24	1.73183e-08
-14.5729	9.73918e-24	2.66814e-08
-14.3719	4.00101e-23	4.08641e-08
-14.1709	1.61204e-22	6.22163e-08
-13.9698	6.37004e-22	9.41661e-08
-13.7688	2.46866e-21	1.41682e-07
-13.5678	9.38276e-21	2.11915e-07
-13.3668	3.49742e-20	3.15092e-07
-13.1658	1.27853e-19	4.6574e-07
-12.9648	4.58368e-19	6.84349e-07
-12.7638	1.6116e-18	9.99632e-07
-12.5628	5.55694e-18	1.45155e-06
-12.3618	1.87909e-17	2.09533e-06
-12.1608	6.23143e-17	3.00677e-06
-11.9598	2.02654e-16	4.28922e-06
-11.7588	6.4632e-16	6.08253e-06
-11.5578	2.02144e-15	8.5747e-06
-11.3568	6.19999e-15	1.20166e-05
-11.1558	1.86482e-14	1.67408e-05
-10.9548	5.50044e-14	2.31844e-05
-10.7538	1.59099e-13	3.19188e-05
-10.5528	4.51277e-13	4.36842e-05
-10.3518	1.25523e-12	5.94336e-05
-10.1508	3.42379e-12	8.03836e-05
-9.94975	9.15778e-12	0.000108077
-9.74874	2.40198e-11	0.000144453
-9.54774	6.17795e-11	0.000191932
-9.34673	1.55815e-10	0.000253512
-9.14573	3.85359e-10	0.000332872
-8.94472	9.34564e-10	0.000434496
-8.74372	2.22248e-09	0.000563797
-8.54271	5.1826e-09	0.000727258
-8.34171	1.18506e-08	0.000932573
-8.1407	2.6571e-08	0.00118879
-7.9397	5.84188e-08	0.00150646
-7.73869	1.25942e-07	0.00189774
-7.53769	2.66234e-07	0.00237655
-7.33668	5.51854e-07	0.00295859
-7.13568	1.12164e-06	0.00366143
-6.93467	2.23536e-06	0.0045045
-6.73367	4.36825e-06	0.00550897
-6.53266	8.37006e-06	0.00669766
-6.33166	1.57257e-05	0.00809477
-6.13065	2.89702e-05	0.00972555
-5.92965	5.23298e-05	0.0116159
-5.72864	9.26836e-05	0.0137918
-5.52764	0.000160957	0.0162786
-5.32663	0.000274076	0.0191004
-5.12563	0.000457596	0.022279
-4.92462	0.000749106	0.0258332
-4.72362	0.00120241	0.0297775
-4.52261	0.00189238	0.0341215
-4.32161	0.00292019	0.0388684
-4.1206	0.00441832	0.0440143
-3.9196	0.00655461	0.0495473
-3.71859	0.00953408	0.0554465
-3.51759	0.0135973	0.0616819
-3.31658	0.0190137	0.0682134
-3.11558	0.0260687	0.0749912
-2.91457	0.0350437	0.0819558
-2.71357	0.0461891	0.0890385
-2.51256	0.0596905	0.0961622
-2.31156	0.0756323	0.103243
-2.11055	0.0939604	0.110191
-1.90955	0.11445	0.116911
-1.70854	0.136686	0.12331
-1.50754	0.160053	0.129291
-1.30653	0.183755	0.134762
-1.10553	0.206845	0.139636
-0.904523	0.228289	0.143831
-0.703518	0.247034	0.147278
-0.502513	0.262097	0.149917
-0.301508	0.272645	0.151703
-0.100503	0.278078	0.152604
0.100503	0.278078	0.152604
0.301508	0.272645	0.151703
0.502513	0.262097	0.149917
0.703518	0.247034	0.147278
0.904523	0.228289	0.143831
1.10553	0.206845	0.139636
1.30653	0.183755	0.134762
1.50754	0.160053	0.129291
1.70854	0.136686	0.12331
1.90955	0.11445	0.116911
2.11055	0.0939604	0.110191
2.31156	0.0756323	0.103243
2.51256	0.0596905	0.0961622
2.71357	0.0461891	0.0890385
2.91457	0.0350437	0.0819558
3.11558	0.0260687	0.0749912
3.31658	0.0190137	0.0682134
3.51759	0.0135973	0.0616819
3.71859	0.00953408	0.0554465
3.9196	0.00655461	0.0495473
4.1206	0.00441832	0.0440143
4.32161	0.00292019	0.0388684
4.52261	0.00189238	0.0341215
4.72362	0.00120241	0.0297775
4.92462	0.000749106	0.0258332
5.12563	0.000457596	0.022279
5.32663	0.000274076	0.0191004
5.52764	0.000160957	0.0162786
5.72864	9.26836e-05	0.0137918
5.92965	5.23298e-05	0.0116159
6.13065	2.89702e-05	0.00972555
6.33166	1.57257e-05	0.00809477
6.53266	8.37006e-06	0.00669766
6.73367	4.36825e-06	0.00550897
6.93467	2.23536e-06	0.0045045
7.13568	1.12164e-06	0.00366143
7.33668	5.51854e-07	0.00295859
7.53769	2.66234e-07	0.00237655
7.73869	1.25942e-07	0.00189774
7.9397	5.84188e-08	0.00150646
8.1407	2.6571e-08	0.00118879
8.34171	1.18506e-08	0.000932573
8.54271	5.1826e-09	0.000727258
8.74372	2.22248e-09	0.000563797
8.94472	9.34564e-10	0.000434496
9.14573	3.85359e-10	0.000332872
9.34673	1.55815e-10	0.000253512
9.54774	6.17795e-11	0.000191932
9.74874	2.40198e-11	0.000144453
9.94975	9.15778e-12	0.000108077
10.1508	3.42379e-12	8.03836e-05
10.3518	1.25523e-12	5.94336e-05
10.5528	4.51277e-13	4.36842e-05
10.7538	1.59099e-13	3.19188e-05
10.9548	5.50044e-14	2.31844e-05
11.1558	1.86482e-14	1.67408e-05
11.3568	6.19999e-15	1.20166e-05
11.5578	2.02144e-15	8.5747e-06
11.7588	6.4632e-16	6.08253e-06
11.9598	2.02654e-16	4.28922e-06
12.1608	6.23143e-17	3.00677e-06
12.3618	1.87909e-17	2.09533e-06
12.5628	5.55694e-18	1.45155e-06
12.7638	1.6116e-18	9.99632e-07
12.9648	4.58368e-19	6.84349e-07
13.1658	1.27853e-19	4.6574e-07
13.3668	3.49742e-20	3.15092e-07
13.5678	9.38276e-21	2.11915e-07
13.7688	2.46866e-21	1.41682e-07
13.9698	6.37004e-22	9.41661e-08
14.1709	1.61204e-22	6.22163e-08
14.3719	4.00101e-23	4.08641e-08
14.5729	9.73918e-24	2.66814e-08
14.7739	2.32508e-24	1.73183e-08
14.9749	5.44404e-25	1.11745e-08
15.1759	1.25019e-25	7.16774e-09
15.3769	2.81579e-26	4.5705e-09
15.5779	6.22018e-27	2.89717e-09
15.7789	1.34768e-27	1.82563e-09
15.9799	2.86385e-28	1.14362e-09
16.1809	5.969e-29	7.12161e-10
16.3819	1.22023e-29	4.40863e-10
16.5829	2.44667e-30	2.71305e-10
16.7839	4.81177e-31	1.65974e-10
16.9849	9.28182e-32	1.00937e-10
17.1859	1.75616e-32	6.10228e-11
17.3869	3.25912e-33	3.66742e-11
17.5879	5.93262e-34	2.19108e-11
17.7889	1.05926e-34	1.30132e-11
17.9899	1.85515e-35	7.68316e-12
18.191	3.18692e-36	4.50945e-12
18.392	5.37013e-37	2.63109e-12
18.593	8.87615e-38	1.52608e-12
18.794	1.43911e-38	8.79927e-13
18.995	2.28872e-39	5.04365e-13
19.196	3.57049e-40	2.87391e-13
19.397	5.46387e-41	1.6279e-13
19.598	8.20185e-42	9.1667e-14
19.799	1.20732e-42	5.13129e-14
20	1.71084e-43	2.85541e-14
