-20	2.67631e-43	5.93007e-13
-19.799	1.87044e-42	1.00181e-12
-19.598	1.25794e-41	1.6835e-12
-19.397	8.29711e-41	2.81411e-12
-19.196	5.36902e-40	4.67915e-12
-18.995	3.40851e-39	7.73914e-12
-18.794	2.12291e-38	1.27326e-11
-18.593	1.29715e-37	2.08374e-11
-18.392	7.77574e-37	3.3921e-11
-18.191	4.57276e-36	5.4928e-11
-17.9899	2.63814e-35	8.84746e-11
-17.7889	1.49313e-34	1.41756e-10
-17.5879	8.29032e-34	2.25926e-10
-17.3869	4.51562e-33	3.58171e-10
-17.1859	2.41285e-32	5.64825e-10
-16.9849	1.26476e-31	8.86007e-10
-16.7839	6.50351e-31	1.38248e-09
-16.5829	3.28052e-30	2.14577e-09
-16.3819	1.62327e-29	3.31288e-09
-16.1809	7.87931e-29	5.08777e-09
-15.9799	3.75172e-28	7.7723e-09
-15.7789	1.75233e-27	1.18106e-08
-15.5779	8.02857e-27	1.78522e-08
-15.3769	3.60824e-26	2.68419e-08
-15.1759	1.59068e-25	4.01452e-08
-14.9749	6.87856e-25	5.97248e-08
-14.7739	2.91766e-24	8.83843e-08
-14.5729	1.21393e-23	1.30105e-07
-14.3719	4.95411e-23	1.90509e-07
-14.1709	1.98313e-22	2.77481e-07
-13.9698	7.78656e-22	4.02025e-07
-13.7688	2.99878e-21	5.79391e-07
-13.5678	1.13278e-20	8.30597e-07
-13.3668	4.19706e-20	1.18443e-06
-13.1658	1.52524e-19	1.68007e-06
-12.9648	5.43655e-19	2.37053e-06
-12.7638	1.90062e-18	3.32707e-06
-12.5628	6.51706e-18	4.64493e-06
-12.3618	2.19174e-17	6.45054e-06
-12.1608	7.2294e-17	8.91072e-06
-11.9598	2.33879e-16	1.22442e-05
-11.7588	7.42078e-16	1.67358e-05
-11.5578	2.30928e-15	2.27542e-05
-11.3568	7.048e-15	3.07735e-05
-11.1558	2.10968e-14	4.13992e-05
-10.9548	6.19337e-14	5.53997e-05
-10.7538	1.78316e-13	7.37432e-05
-10.5528	5.03508e-13	9.7642e-05
-10.3518	1.39435e-12	0.000128603
-10.1508	3.78687e-12	0.000168486
-9.94975	1.00863e-11	0.000219573
-9.74874	2.63467e-11	0.000284637
-9.54774	6.74924e-11	0.000367033
-9.34673	1.69558e-10	0.00047078
-9.14573	4.17747e-10	0.000600662
-8.94472	1.00934e-09	0.000762329
-8.74372	2.39159e-09	0.000962398
-8.54271	5.55724e-09	0.00120855
-8.34171	1.26635e-08	0.00150966
-8.1407	2.82986e-08	0.00187581
-7.9397	6.20145e-08	0.00231846
-7.73869	1.33271e-07	0.00285043
-7.53769	2.80858e-07	0.00348595
-7.33668	5.80428e-07	0.00424064
-7.13568	1.17629e-06	0.00513146
-6.93467	2.3377e-06	0.00617662
-6.73367	4.55578e-06	0.00739537
-6.53266	8.70636e-06	0.00880783
-6.33166	1.63158e-05	0.0104346
-6.13065	2.99832e-05	0.0122966
-5.92965	5.40308e-05	0.0144143
-5.72864	9.54765e-05	0.0168075
-5.52764	0.000165441	0.0194944
-5.32663	0.000281111	0.0224914
-5.12563	0.000468381	0.0258122
-4.92462	0.000765257	0.0294667
-4.72362	0.00122602	0.0334609
-4.52261	0.00192607	0.0377958
-4.32161	0.00296707	0.0424668
-4.1206	0.00448191	0.0474631
-3.9196	0.00663859	0.0527669
-3.71859	0.00964199	0.0583534
-3.51759	0.013732	0.0641906
-3.31658	0.0191767	0.0702386
-3.11558	0.0262596	0.0764505
-2.91457	0.0352595	0.0827722
-2.71357	0.0464233	0.0891432
-2.51256	0.059933	0.0954975
-2.31156	0.0758693	0.101764
-2.11055	0.0941751	0.107869
-1.90955	0.114624	0.113737
-1.70854	0.136798	0.11929
-1.50754	0.160086	0.124453
-1.30653	0.183694	0.129154
-1.10553	0.206681	0.133324
-0.904523	0.228021	0.136902
-0.703518	0.246668	0.139834
-0.502513	0.261648	0.142073
-0.301508	0.272137	0.143586
-0.100503	0.277538	0.144349
0.100503	0.277538	0.144349
0.301508	0.272137	0.143586
0.502513	0.261648	0.142073
0.703518	0.246668	0.139834
0.904523	0.228021	0.136902
1.10553	0.206681	0.133324
1.30653	0.183694	0.129154
1.50754	0.160086	0.124453
1.70854	0.136798	0.11929
1.90955	0.114624	0.113737
2.11055	0.0941751	0.107869
2.31156	0.0758693	0.101764
2.51256	0.059933	0.0954975
2.71357	0.0464233	0.0891432
2.91457	0.0352595	0.0827722
3.11558	0.0262596	0.0764505
3.31658	0.0191767	0.0702386
3.51759	0.013732	0.0641906
3.71859	0.00964199	0.0583534
3.9196	0.00663859	0.0527669
4.1206	0.00448191	0.0474631
4.32161	0.00296707	0.0424668
4.52261	0.00192607	0.0377958
4.72362	0.00122602	0.0334609
4.92462	0.000765257	0.0294667
5.12563	0.000468381	0.0258122
5.32663	0.000281111	0.0224914
5.52764	0.000165441	0.0194944
5.72864	9.54765e-05	0.0168075
5.92965	5.40308e-05	0.0144143
6.13065	2.99832e-05	0.0122966
6.33166	1.63158e-05	0.0104346
6.53266	8.70636e-06	0.00880783
6.73367	4.55578e-06	0.00739537
6.93467	2.3377e-06	0.00617662
7.13568	1.17629e-06	0.00513146
7.33668	5.80428e-07	0.00424064
7.53769	2.80858e-07	0.00348595
7.73869	1.33271e-07	0.00285043
7.9397	6.20145e-08	0.00231846
8.1407	2.82986e-08	0.00187581
8.34171	1.26635e-08	0.00150966
8.54271	5.55724e-09	0.00120855
8.74372	2.39159e-09	0.000962398
8.94472	1.00934e-09	0.000762329
9.14573	4.17747e-10	0.000600662
9.34673	1.69558e-10	0.00047078
9.54774	6.74924e-11	0.000367033
9.74874	2.63467e-11	0.000284637
9.94975	1.00863e-11	0.000219573
10.1508	3.78687e-12	0.000168486
10.3518	1.39435e-12	0.000128603
10.5528	5.03508e-13	9.7642e-05
10.7538	1.78316e-13	7.37432e-05
10.9548	6.19337e-14	5.53997e-05
11.1558	2.10968e-14	4.13992e-05
11.3568	7.048e-15	3.07735e-05
11.5578	2.30928e-15	2.27542e-05
11.7588	7.42078e-16	1.67358e-05
11.9598	2.33879e-16	1.22442e-05
12.1608	7.2294e-17	8.91072e-06
12.3618	2.19174e-17	6.45054e-06
12.5628	6.51706e-18	4.64493e-06
12.7638	1.90062e-18	3.32707e-06
12.9648	5.43655e-19	2.37053e-06
13.1658	1.52524e-19	1.68007e-06
13.3668	4.19706e-20	1.18443e-06
13.5678	1.13278e-20	8.30597e-07
13.7688	2.99878e-21	5.79391e-07
13.9698	7.78656e-22	4.02025e-07
14.1709	1.98313e-22	2.77481e-07
14.3719	4.95411e-23	1.90509e-07
14.5729	1.21393e-23	1.30105e-07
14.7739	2.91766e-24	8.83843e-08
14.9749	6.87856e-25	5.97248e-08
15.1759	1.59068e-25	4.01452e-08
15.3769	3.60824e-26	2.68419e-08
15.5779	8.02857e-27	1.78522e-08
15.7789	1.75233e-27	1.18106e-08
15.9799	3.75172e-28	7.7723e-09
16.1809	7.87931e-29	5.08777e-09
16.3819	1.62327e-29	3.31288e-09
16.5829	3.28052e-30	2.14577e-09
16.7839	6.50351e-31	1.38248e-09
16.9849	1.26476e-31	8.86007e-10
17.1859	2.41285e-32	5.64825e-10
17.3869	4.51562e-33	3.58171e-10
17.5879	8.29032e-34	2.25926e-10
17.7889	1.49313e-34	1.41756e-10
17.9899	2.63814e-35	8.84746e-11
18.191	4.57276e-36	5.4928e-11
18.392	7.77574e-37	3.3921e-11
18.593	1.29715e-37	2.08374e-11
18.794	2.12291e-38	1.27326e-11
18.995	3.40851e-39	7.73914e-12
19.196	5.36902e-40	4.67915e-12
19.397	8.29711e-41	2.81411e-12
19.598	1.25794e-41	1.6835e-12
19.799	1.87044e-42	1.00181e-12
20	2.67631e-43	5.93007e-13
