-20	4.1641e-43	6.87123e-12
-19.799	2.88245e-42	1.1042e-11
-19.598	1.91942e-41	1.76595e-11
-19.397	1.25366e-40	2.8108e-11
-19.196	8.03442e-40	4.45247e-11
-18.995	5.05231e-39	7.01923e-11
-18.794	3.11735e-38	1.10128e-10
-18.593	1.88727e-37	1.71959e-10
-18.392	1.12107e-36	2.67222e-10
-18.191	6.53401e-36	4.13273e-10
-17.9899	3.73653e-35	6.36094e-10
-17.7889	2.0965e-34	9.74373e-10
-17.5879	1.15413e-33	1.48541e-09
-17.3869	6.23367e-33	2.25366e-09
-17.1859	3.30338e-32	3.40291e-09
-16.9849	1.7175e-31	5.11364e-09
-16.7839	8.76091e-31	7.64766e-09
-16.5829	4.38446e-30	1.13827e-08
-16.3819	2.15274e-29	1.6861e-08
-16.1809	1.03698e-28	2.48565e-08
-15.9799	4.90064e-28	3.64682e-08
-15.7789	2.27211e-27	5.32487e-08
-15.5779	1.03347e-26	7.73788e-08
-15.3769	4.61165e-26	1.11906e-07
-15.1759	2.01882e-25	1.61067e-07
-14.9749	8.66996e-25	2.30715e-07
-14.7739	3.65269e-24	3.28901e-07
-14.5729	1.50967e-23	4.66631e-07
-14.3719	6.12091e-23	6.58873e-07
-14.1709	2.43452e-22	9.25866e-07
-13.9698	9.49886e-22	1.29483e-06
-13.7688	3.63567e-21	1.80218e-06
-13.5678	1.36505e-20	2.49633e-06
-13.3668	5.02758e-20	3.44132e-06
-13.1658	1.81641e-19	4.72136e-06
-12.9648	6.43736e-19	6.44656e-06
-12.7638	2.23788e-18	8.76009e-06
-12.5628	7.63131e-18	1.1847e-05
-12.3618	2.55263e-17	1.5945e-05
-12.1608	8.37532e-17	2.13581e-05
-11.9598	2.69547e-16	2.84721e-05
-11.7588	8.50914e-16	3.77741e-05
-11.5578	2.63481e-15	4.98757e-05
-11.3568	8.00243e-15	6.55394e-05
-11.1558	2.38397e-14	8.57107e-05
-10.9548	6.96596e-14	0.000111554
-10.7538	1.99646e-13	0.000144497
-10.5528	5.61224e-13	0.000186272
-10.3518	1.5474e-12	0.000238977
-10.1508	4.18464e-12	0.000305129
-9.94975	1.10994e-11	0.000387731
-9.74874	2.8875e-11	0.000490339
-9.54774	7.36757e-11	0.000617137
-9.34673	1.84375e-10	0.000773011
-9.14573	4.52534e-10	0.000963627
-8.94472	1.08936e-09	0.0011955
-8.74372	2.57192e-09	0.00147609
-8.54271	5.95535e-09	0.00181381
-8.34171	1.35244e-08	0.00221816
-8.1407	3.01222e-08	0.00269967
-7.9397	6.57976e-08	0.00327001
-7.73869	1.40957e-07	0.00394189
-7.53769	2.9615e-07	0.00472912
-7.33668	6.10218e-07	0.00564645
-7.13568	1.23311e-06	0.00670949
-6.93467	2.44379e-06	0.00793455
-6.73367	4.74967e-06	0.00933843
-6.53266	9.05318e-06	0.0109382
-6.33166	1.69229e-05	0.0127507
-6.13065	3.10227e-05	0.0147926
-5.92965	5.5772e-05	0.0170794
-5.72864	9.83291e-05	0.0196254
-5.52764	0.00017001	0.0224432
-5.32663	0.000288265	0.025543
-5.12563	0.000479327	0.0289318
-4.92462	0.000781616	0.0326136
-4.72362	0.0012499	0.0365882
-4.52261	0.00196007	0.040851
-4.32161	0.0030143	0.0453925
-4.1206	0.00454586	0.0501977
-3.9196	0.00672293	0.0552462
-3.71859	0.00975017	0.0605118
-3.51759	0.0138668	0.0659625
-3.31658	0.0193397	0.0715604
-3.11558	0.0264503	0.0772623
-2.91457	0.0354747	0.0830199
-2.71357	0.0466564	0.08878
-2.51256	0.0601741	0.094486
-2.31156	0.0761047	0.100078
-2.11055	0.0943878	0.105494
-1.90955	0.114795	0.110672
-1.70854	0.136909	0.115549
-1.50754	0.160118	0.120064
-1.30653	0.183632	0.12416
-1.10553	0.206517	0.127781
-0.904523	0.227753	0.130879
-0.703518	0.246304	0.133412
-0.502513	0.261202	0.135344
-0.301508	0.271631	0.136647
-0.100503	0.277001	0.137303
0.100503	0.277001	0.137303
0.301508	0.271631	0.136647
0.502513	0.261202	0.135344
0.703518	0.246304	0.133412
0.904523	0.227753	0.130879
1.10553	0.206517	0.127781
1.30653	0.183632	0.12416
1.50754	0.160118	0.120064
1.70854	0.136909	0.115549
1.90955	0.114795	0.110672
2.11055	0.0943878	0.105494
2.31156	0.0761047	0.100078
2.51256	0.0601741	0.094486
2.71357	0.0466564	0.08878
2.91457	0.0354747	0.0830199
3.11558	0.0264503	0.0772623
3.31658	0.0193397	0.0715604
3.51759	0.0138668	0.0659625
3.71859	0.00975017	0.0605118
3.9196	0.00672293	0.0552462
4.1206	0.00454586	0.0501977
4.32161	0.0030143	0.0453925
4.52261	0.00196007	0.040851
4.72362	0.0012499	0.0365882
4.92462	0.000781616	0.0326136
5.12563	0.000479327	0.0289318
5.32663	0.000288265	0.025543
5.52764	0.00017001	0.0224432
5.72864	9.83291e-05	0.0196254
5.92965	5.5772e-05	0.0170794
6.13065	3.10227e-05	0.0147926
6.33166	1.69229e-05	0.0127507
6.53266	9.05318e-06	0.0109382
6.73367	4.74967e-06	0.00933843
6.93467	2.44379e-06	0.00793455
7.13568	1.23311e-06	0.00670949
7.33668	6.10218e-07	0.00564645
7.53769	2.9615e-07	0.00472912
7.73869	1.40957e-07	0.00394189
7.9397	6.57976e-08	0.00327001
8.1407	3.01222e-08	0.00269967
8.34171	1.35244e-08	0.00221816
8.54271	5.95535e-09	0.00181381
8.74372	2.57192e-09	0.00147609
8.94472	1.08936e-09	0.0011955
9.14573	4.52534e-10	0.000963627
9.34673	1.84375e-10	0.000773011
9.54774	7.36757e-11	0.000617137
9.74874	2.8875e-11	0.000490339
9.94975	1.10994e-11	0.000387731
10.1508	4.18464e-12	0.000305129
10.3518	1.5474e-12	0.000238977
10.5528	5.61224e-13	0.000186272
10.7538	1.99646e-13	0.000144497
10.9548	6.96596e-14	0.000111554
11.1558	2.38397e-14	8.57107e-05
11.3568	8.00243e-15	6.55394e-05
11.5578	2.63481e-15	4.98757e-05
11.7588	8.50914e-16	3.77741e-05
11.9598	2.69547e-16	2.84721e-05
12.1608	8.37532e-17	2.13581e-05
12.3618	2.55263e-17	1.5945e-05
12.5628	7.63131e-18	1.1847e-05
12.7638	2.23788e-18	8.76009e-06
12.9648	6.43736e-19	6.44656e-06
13.1658	1.81641e-19	4.72136e-06
13.3668	5.02758e-20	3.44132e-06
13.5678	1.36505e-20	2.49633e-06
13.7688	3.63567e-21	1.80218e-06
13.9698	9.49886e-22	1.29483e-06
14.1709	2.43452e-22	9.25866e-07
14.3719	6.12091e-23	6.58873e-07
14.5729	1.50967e-23	4.66631e-07
14.7739	3.65269e-24	3.28901e-07
14.9749	8.66996e-25	2.30715e-07
15.1759	2.01882e-25	1.61067e-07
15.3769	4.61165e-26	1.11906e-07
15.5779	1.03347e-26	7.73788e-08
15.7789	2.27211e-27	5.32487e-08
15.9799	4.90064e-28	3.64682e-08
16.1809	1.03698e-28	2.48565e-08
16.3819	2.15274e-29	1.6861e-08
16.5829	4.38446e-30	1.13827e-08
16.7839	8.76091e-31	7.64766e-09
16.9849	1.7175e-31	5.11364e-09
17.1859	3.30338e-32	3.40291e-09
17.3869	6.23367e-33	2.25366e-09
17.5879	1.15413e-33	1.48541e-09
17.7889	2.0965e-34	9.74373e-10
17.9899	3.73653e-35	6.36094e-10
18.191	6.53401e-36	4.13273e-10
18.392	1.12107e-36	2.67222e-10
18.593	1.88727e-37	1.71959e-10
18.794	3.11735e-38	1.10128e-10
18.995	5.05231e-39	7.01923e-11
19.196	8.03442e-40	4.45247e-11
19.397	1.25366e-40	2.8108e-11
19.598	1.91942e-41	1.76595e-11
19.799	2.88245e-42	1.1042e-11
20	4.1641e-43	6.87123e-12
