-20	6.44471e-43	5.17563e-11
-19.799	4.41904e-42	7.98073e-11
-19.598	2.91403e-41	1.22524e-10
-19.397	1.885e-40	1.87284e-10
-19.196	1.19661e-39	2.85024e-10
-18.995	7.45448e-39	4.31879e-10
-18.794	4.55722e-38	6.51542e-10
-18.593	2.73399e-37	9.78639e-10
-18.392	1.60954e-36	1.46354e-09
-18.191	9.2985e-36	2.17914e-09
-17.9899	5.27138e-35	3.23047e-09
-17.7889	2.93245e-34	4.76812e-09
-17.5879	1.60077e-33	7.00694e-09
-17.3869	8.57458e-33	1.0252e-08
-17.1859	4.50692e-32	1.49345e-08
-16.9849	2.32447e-31	2.16608e-08
-16.7839	1.17636e-30	3.12793e-08
-16.5829	5.8415e-30	4.49717e-08
-16.3819	2.84625e-29	6.43757e-08
-16.1809	1.36075e-28	9.17498e-08
-15.9799	6.38323e-28	1.30193e-07
-15.7789	2.938e-27	1.83938e-07
-15.5779	1.32681e-26	2.58735e-07
-15.3769	5.87902e-26	3.62359e-07
-15.1759	2.55586e-25	5.0527e-07
-14.9749	1.09019e-24	7.01468e-07
-14.7739	4.56239e-24	9.69599e-07
-14.5729	1.87329e-23	1.33437e-06
-14.3719	7.54634e-23	1.82836e-06
-14.1709	2.9825e-22	2.49429e-06
-13.9698	1.15647e-21	3.38791e-06
-13.7688	4.39939e-21	4.58161e-06
-13.5678	1.64191e-20	6.16884e-06
-13.3668	6.01179e-20	8.2697e-06
-13.1658	2.15948e-19	1.10376e-05
-12.9648	7.60994e-19	1.46677e-05
-12.7638	2.63085e-18	1.94066e-05
-12.5628	8.92256e-18	2.55644e-05
-12.3618	2.96864e-17	3.35292e-05
-12.1608	9.68936e-17	4.37834e-05
-11.9598	3.10241e-16	5.69242e-05
-11.7588	9.74461e-16	7.3686e-05
-11.5578	3.00254e-15	9.4967e-05
-11.3568	9.07541e-15	0.00012186
-11.1558	2.69088e-14	0.000155686
-10.9548	7.8265e-14	0.000198033
-10.7538	2.23297e-13	0.000250799
-10.5528	6.24939e-13	0.000316239
-10.3518	1.71564e-12	0.000397012
-10.1508	4.62005e-12	0.000496242
-9.94975	1.22038e-11	0.000617565
-9.74874	3.16202e-11	0.000765196
-9.54774	8.0363e-11	0.00094398
-9.34673	2.00338e-10	0.00115945
-9.14573	4.89875e-10	0.00141789
-8.94472	1.17494e-09	0.00172637
-8.74372	2.7641e-09	0.00209278
-8.54271	6.37815e-09	0.0025259
-8.34171	1.44356e-08	0.00303534
-8.1407	3.2046e-08	0.0036316
-7.9397	6.97761e-08	0.00432603
-7.73869	1.49015e-07	0.00513076
-7.53769	3.12134e-07	0.00605862
-7.33668	6.41266e-07	0.00712305
-7.13568	1.29216e-06	0.00833793
-6.93467	2.55374e-06	0.00971742
-6.73367	4.95008e-06	0.0112757
-6.53266	9.41072e-06	0.0130268
-6.33166	1.75471e-05	0.0149841
-6.13065	3.20891e-05	0.0171603
-5.92965	5.75542e-05	0.0195667
-5.72864	0.000101242	0.0222132
-5.52764	0.000174666	0.0251076
-5.32663	0.000295539	0.0282553
-5.12563	0.000490435	0.0316588
-4.92462	0.000798184	0.0353174
-4.72362	0.00127403	0.0392269
-4.52261	0.00199438	0.043379
-4.32161	0.00306189	0.0477611
-4.1206	0.00461018	0.0523565
-3.9196	0.00680761	0.0571434
-3.71859	0.00985863	0.0620958
-3.51759	0.0140018	0.0671829
-3.31658	0.0195026	0.0723694
-3.11558	0.0266406	0.077616
-2.91457	0.0356892	0.0828797
-2.71357	0.0468886	0.0881141
-2.51256	0.0604138	0.0932702
-2.31156	0.0763383	0.098297
-2.11055	0.0945987	0.103143
-1.90955	0.114964	0.107755
-1.70854	0.137017	0.112081
-1.50754	0.160148	0.116073
-1.30653	0.183569	0.119683
-1.10553	0.206353	0.122865
-0.904523	0.227486	0.125582
-0.703518	0.245941	0.127799
-0.502513	0.260758	0.129487
-0.301508	0.271129	0.130625
-0.100503	0.276468	0.131198
0.100503	0.276468	0.131198
0.301508	0.271129	0.130625
0.502513	0.260758	0.129487
0.703518	0.245941	0.127799
0.904523	0.227486	0.125582
1.10553	0.206353	0.122865
1.30653	0.183569	0.119683
1.50754	0.160148	0.116073
1.70854	0.137017	0.112081
1.90955	0.114964	0.107755
2.11055	0.0945987	0.103143
2.31156	0.0763383	0.098297
2.51256	0.0604138	0.0932702
2.71357	0.0468886	0.0881141
2.91457	0.0356892	0.0828797
3.11558	0.0266406	0.077616
3.31658	0.0195026	0.0723694
3.51759	0.0140018	0.0671829
3.71859	0.00985863	0.0620958
3.9196	0.00680761	0.0571434
4.1206	0.00461018	0.0523565
4.32161	0.00306189	0.0477611
4.52261	0.00199438	0.043379
4.72362	0.00127403	0.0392269
4.92462	0.000798184	0.0353174
5.12563	0.000490435	0.0316588
5.32663	0.000295539	0.0282553
5.52764	0.000174666	0.0251076
5.72864	0.000101242	0.0222132
5.92965	5.75542e-05	0.0195667
6.13065	3.20891e-05	0.0171603
6.33166	1.75471e-05	0.0149841
6.53266	9.41072e-06	0.0130268
6.73367	4.95008e-06	0.0112757
6.93467	2.55374e-06	0.00971742
7.13568	1.29216e-06	0.00833793
7.33668	6.41266e-07	0.00712305
7.53769	3.12134e-07	0.00605862
7.73869	1.49015e-07	0.00513076
7.9397	6.97761e-08	0.00432603
8.1407	3.2046e-08	0.0036316
8.34171	1.44356e-08	0.00303534
8.54271	6.37815e-09	0.0025259
8.74372	2.7641e-09	0.00209278
8.94472	1.17494e-09	0.00172637
9.14573	4.89875e-10	0.00141789
9.34673	2.00338e-10	0.00115945
9.54774	8.0363e-11	0.00094398
9.74874	3.16202e-11	0.000765196
9.94975	1.22038e-11	0.000617565
10.1508	4.62005e-12	0.000496242
10.3518	1.71564e-12	0.000397012
10.5528	6.24939e-13	0.000316239
10.7538	2.23297e-13	0.000250799
10.9548	7.8265e-14	0.000198033
11.1558	2.69088e-14	0.000155686
11.3568	9.07541e-15	0.00012186
11.5578	3.00254e-15	9.4967e-05
11.7588	9.74461e-16	7.3686e-05
11.9598	3.10241e-16	5.69242e-05
12.1608	9.68936e-17	4.37834e-05
12.3618	2.96864e-17	3.35292e-05
12.5628	8.92256e-18	2.55644e-05
12.7638	2.63085e-18	1.94066e-05
12.9648	7.60994e-19	1.46677e-05
13.1658	2.15948e-19	1.10376e-05
13.3668	6.01179e-20	8.2697e-06
13.5678	1.64191e-20	6.16884e-06
13.7688	4.39939e-21	4.58161e-06
13.9698	1.15647e-21	3.38791e-06
14.1709	2.9825e-22	2.49429e-06
14.3719	7.54634e-23	1.82836e-06
14.5729	1.87329e-23	1.33437e-06
14.7739	4.56239e-24	9.69599e-07
14.9749	1.09019e-24	7.01468e-07
15.1759	2.55586e-25	5.0527e-07
15.3769	5.87902e-26	3.62359e-07
15.5779	1.32681e-26	2.58735e-07
15.7789	2.938e-27	1.83938e-07
15.9799	6.38323e-28	1.30193e-07
16.1809	1.36075e-28	9.17498e-08
16.3819	2.84625e-29	6.43757e-08
16.5829	5.8415e-30	4.49717e-08
16.7839	1.17636e-30	3.12793e-08
16.9849	2.32447e-31	2.16608e-08
17.1859	4.50692e-32	1.49345e-08
17.3869	8.57458e-33	1.0252e-08
17.5879	1.60077e-33	7.00694e-09
17.7889	2.93245e-34	4.76812e-09
17.9899	5.27138e-35	3.23047e-09
18.191	9.2985e-36	2.17914e-09
18.392	1.60954e-36	1.46354e-09
18.593	2.73399e-37	9.78639e-10
18.794	4.55722e-38	6.51542e-10
18.995	7.45448e-39	4.31879e-10
19.196	1.19661e-39	2.85024e-10
19.397	1.885e-40	1.87284e-10
19.598	2.91403e-41	1.22524e-10
19.799	4.41904e-42	7.98073e-11
20	6.44471e-43	5.17563e-11
